    1 	1.000000e+00 	4.227843e-01 	3.333333e-03 	-5.738823e-01
    2 	1.500000e+00 	9.227843e-01 	6.677815e-03 	-5.705378e-01
    3 	1.833333e+00 	1.256118e+00 	1.003352e-02 	-5.671821e-01
    4 	2.083333e+00 	1.506118e+00 	1.340052e-02 	-5.638151e-01
    5 	2.283333e+00 	1.706118e+00 	1.677890e-02 	-5.604368e-01
    6 	2.450000e+00 	1.872784e+00 	2.016873e-02 	-5.570469e-01
    7 	2.592857e+00 	2.015641e+00 	2.357009e-02 	-5.536456e-01
    8 	2.717857e+00 	2.140641e+00 	2.698306e-02 	-5.502326e-01
    9 	2.828968e+00 	2.251753e+00 	3.040772e-02 	-5.468079e-01
   10 	2.928968e+00 	2.351753e+00 	3.384415e-02 	-5.433715e-01
   11 	3.019877e+00 	2.442662e+00 	3.729242e-02 	-5.399232e-01
   12 	3.103211e+00 	2.525995e+00 	4.075263e-02 	-5.364630e-01
   13 	3.180134e+00 	2.602918e+00 	4.422485e-02 	-5.329908e-01
   14 	3.251562e+00 	2.674347e+00 	4.770917e-02 	-5.295065e-01
   15 	3.318229e+00 	2.741013e+00 	5.120568e-02 	-5.260100e-01
   16 	3.380729e+00 	2.803513e+00 	5.471445e-02 	-5.225012e-01
   17 	3.439553e+00 	2.862337e+00 	5.823557e-02 	-5.189801e-01
   18 	3.495108e+00 	2.917892e+00 	6.176914e-02 	-5.154465e-01
   19 	3.547740e+00 	2.970524e+00 	6.531524e-02 	-5.119004e-01
   20 	3.597740e+00 	3.020524e+00 	6.887396e-02 	-5.083417e-01
   21 	3.645359e+00 	3.068143e+00 	7.244539e-02 	-5.047703e-01
   22 	3.690813e+00 	3.113598e+00 	7.602962e-02 	-5.011860e-01
   23 	3.734292e+00 	3.157076e+00 	7.962674e-02 	-4.975889e-01
   24 	3.775958e+00 	3.198743e+00 	8.323685e-02 	-4.939788e-01
   25 	3.815958e+00 	3.238743e+00 	8.686004e-02 	-4.903556e-01
   26 	3.854420e+00 	3.277204e+00 	9.049640e-02 	-4.867193e-01
   27 	3.891457e+00 	3.314241e+00 	9.414604e-02 	-4.830696e-01
   28 	3.927171e+00 	3.349955e+00 	9.780904e-02 	-4.794066e-01
   29 	3.961654e+00 	3.384438e+00 	1.014855e-01 	-4.757302e-01
   30 	3.994987e+00 	3.417771e+00 	1.051755e-01 	-4.720401e-01
   31 	4.027245e+00 	3.450030e+00 	1.088793e-01 	-4.683364e-01
   32 	4.058495e+00 	3.481280e+00 	1.125967e-01 	-4.646189e-01
   33 	4.088798e+00 	3.511583e+00 	1.163281e-01 	-4.608876e-01
   34 	4.118210e+00 	3.540994e+00 	1.200734e-01 	-4.571423e-01
   35 	4.146781e+00 	3.569566e+00 	1.238328e-01 	-4.533829e-01
   36 	4.174559e+00 	3.597344e+00 	1.276064e-01 	-4.496093e-01
   37 	4.201586e+00 	3.624371e+00 	1.313942e-01 	-4.458214e-01
   38 	4.227902e+00 	3.650686e+00 	1.351965e-01 	-4.420191e-01
   39 	4.253543e+00 	3.676327e+00 	1.390133e-01 	-4.382023e-01
   40 	4.278543e+00 	3.701327e+00 	1.428447e-01 	-4.343709e-01
   41 	4.302933e+00 	3.725718e+00 	1.466909e-01 	-4.305248e-01
   42 	4.326743e+00 	3.749527e+00 	1.505519e-01 	-4.266638e-01
   43 	4.349999e+00 	3.772783e+00 	1.544279e-01 	-4.227878e-01
   44 	4.372726e+00 	3.795510e+00 	1.583189e-01 	-4.188967e-01
   45 	4.394948e+00 	3.817732e+00 	1.622252e-01 	-4.149905e-01
   46 	4.416687e+00 	3.839472e+00 	1.661467e-01 	-4.110689e-01
   47 	4.437964e+00 	3.860748e+00 	1.700837e-01 	-4.071319e-01
   48 	4.458797e+00 	3.881582e+00 	1.740363e-01 	-4.031794e-01
   49 	4.479205e+00 	3.901990e+00 	1.780046e-01 	-3.992111e-01
   50 	4.499205e+00 	3.921990e+00 	1.819886e-01 	-3.952270e-01
   51 	4.518813e+00 	3.941598e+00 	1.859886e-01 	-3.912270e-01
   52 	4.538044e+00 	3.960828e+00 	1.900047e-01 	-3.872110e-01
   53 	4.556912e+00 	3.979696e+00 	1.940370e-01 	-3.831787e-01
   54 	4.575430e+00 	3.998215e+00 	1.980855e-01 	-3.791301e-01
   55 	4.593612e+00 	4.016397e+00 	2.021506e-01 	-3.750651e-01
   56 	4.611469e+00 	4.034254e+00 	2.062322e-01 	-3.709835e-01
   57 	4.629013e+00 	4.051798e+00 	2.103306e-01 	-3.668851e-01
   58 	4.646255e+00 	4.069039e+00 	2.144458e-01 	-3.627699e-01
   59 	4.663204e+00 	4.085988e+00 	2.185780e-01 	-3.586376e-01
   60 	4.679870e+00 	4.102655e+00 	2.227274e-01 	-3.544883e-01
   61 	4.696264e+00 	4.119048e+00 	2.268941e-01 	-3.503216e-01
   62 	4.712393e+00 	4.135177e+00 	2.310782e-01 	-3.461375e-01
   63 	4.728266e+00 	4.151050e+00 	2.352799e-01 	-3.419358e-01
   64 	4.743891e+00 	4.166675e+00 	2.394993e-01 	-3.377164e-01
   65 	4.759276e+00 	4.182060e+00 	2.437366e-01 	-3.334791e-01
   66 	4.774427e+00 	4.197211e+00 	2.479919e-01 	-3.292238e-01
   67 	4.789352e+00 	4.212137e+00 	2.522654e-01 	-3.249503e-01
   68 	4.804058e+00 	4.226843e+00 	2.565572e-01 	-3.206584e-01
   69 	4.818551e+00 	4.241335e+00 	2.608676e-01 	-3.163481e-01
   70 	4.832837e+00 	4.255621e+00 	2.651966e-01 	-3.120191e-01
   71 	4.846921e+00 	4.269706e+00 	2.695444e-01 	-3.076713e-01
   72 	4.860810e+00 	4.283594e+00 	2.739112e-01 	-3.033045e-01
   73 	4.874509e+00 	4.297293e+00 	2.782972e-01 	-2.989185e-01
   74 	4.888022e+00 	4.310807e+00 	2.827025e-01 	-2.945132e-01
   75 	4.901356e+00 	4.324140e+00 	2.871272e-01 	-2.900884e-01
   76 	4.914514e+00 	4.337298e+00 	2.915717e-01 	-2.856440e-01
   77 	4.927501e+00 	4.350285e+00 	2.960360e-01 	-2.811797e-01
   78 	4.940321e+00 	4.363105e+00 	3.005203e-01 	-2.766954e-01
   79 	4.952979e+00 	4.375764e+00 	3.050248e-01 	-2.721909e-01
   80 	4.965479e+00 	4.388264e+00 	3.095497e-01 	-2.676660e-01
   81 	4.977825e+00 	4.400609e+00 	3.140951e-01 	-2.631205e-01
   82 	4.990020e+00 	4.412804e+00 	3.186613e-01 	-2.585543e-01
   83 	5.002068e+00 	4.424853e+00 	3.232485e-01 	-2.539672e-01
   84 	5.013973e+00 	4.436757e+00 	3.278568e-01 	-2.493589e-01
   85 	5.025738e+00 	4.448522e+00 	3.324864e-01 	-2.447293e-01
   86 	5.037366e+00 	4.460150e+00 	3.371376e-01 	-2.400781e-01
   87 	5.048860e+00 	4.471644e+00 	3.418105e-01 	-2.354052e-01
   88 	5.060224e+00 	4.483008e+00 	3.465053e-01 	-2.307104e-01
   89 	5.071459e+00 	4.494244e+00 	3.512223e-01 	-2.259934e-01
   90 	5.082571e+00 	4.505355e+00 	3.559616e-01 	-2.212540e-01
   91 	5.093560e+00 	4.516344e+00 	3.607235e-01 	-2.164921e-01
   92 	5.104429e+00 	4.527214e+00 	3.655082e-01 	-2.117074e-01
   93 	5.115182e+00 	4.537966e+00 	3.703159e-01 	-2.068998e-01
   94 	5.125820e+00 	4.548605e+00 	3.751468e-01 	-2.020688e-01
   95 	5.136346e+00 	4.559131e+00 	3.800012e-01 	-1.972145e-01
   96 	5.146763e+00 	4.569547e+00 	3.848792e-01 	-1.923364e-01
   97 	5.157072e+00 	4.579857e+00 	3.897812e-01 	-1.874345e-01
   98 	5.167277e+00 	4.590061e+00 	3.947073e-01 	-1.825084e-01
   99 	5.177378e+00 	4.600162e+00 	3.996578e-01 	-1.775579e-01
  100 	5.187378e+00 	4.610162e+00 	4.046329e-01 	-1.725827e-01
  101 	5.197279e+00 	4.620063e+00 	4.096329e-01 	-1.675827e-01
  102 	5.207082e+00 	4.629867e+00 	4.146581e-01 	-1.625576e-01
  103 	5.216791e+00 	4.639576e+00 	4.197086e-01 	-1.575071e-01
  104 	5.226407e+00 	4.649191e+00 	4.247847e-01 	-1.524310e-01
  105 	5.235930e+00 	4.658715e+00 	4.298867e-01 	-1.473289e-01
  106 	5.245364e+00 	4.668149e+00 	4.350150e-01 	-1.422007e-01
  107 	5.254710e+00 	4.677494e+00 	4.401696e-01 	-1.370461e-01
  108 	5.263969e+00 	4.686754e+00 	4.453509e-01 	-1.318647e-01
  109 	5.273144e+00 	4.695928e+00 	4.505593e-01 	-1.266564e-01
  110 	5.282235e+00 	4.705019e+00 	4.557949e-01 	-1.214208e-01
  111 	5.291244e+00 	4.714028e+00 	4.610580e-01 	-1.161576e-01
  112 	5.300172e+00 	4.722957e+00 	4.663490e-01 	-1.108666e-01
  113 	5.309022e+00 	4.731806e+00 	4.716682e-01 	-1.055475e-01
  114 	5.317794e+00 	4.740578e+00 	4.770158e-01 	-1.001999e-01
  115 	5.326489e+00 	4.749274e+00 	4.823921e-01 	-9.482354e-02
  116 	5.335110e+00 	4.757894e+00 	4.877975e-01 	-8.941814e-02
  117 	5.343657e+00 	4.766441e+00 	4.932323e-01 	-8.398335e-02
  118 	5.352132e+00 	4.774916e+00 	4.986968e-01 	-7.851887e-02
  119 	5.360535e+00 	4.783319e+00 	5.041913e-01 	-7.302437e-02
  120 	5.368868e+00 	4.791653e+00 	5.097162e-01 	-6.749951e-02
  121 	5.377133e+00 	4.799917e+00 	5.152717e-01 	-6.194395e-02
  122 	5.385329e+00 	4.808114e+00 	5.208583e-01 	-5.635736e-02
  123 	5.393460e+00 	4.816244e+00 	5.264763e-01 	-5.073938e-02
  124 	5.401524e+00 	4.824308e+00 	5.321260e-01 	-4.508966e-02
  125 	5.409524e+00 	4.832308e+00 	5.378078e-01 	-3.940785e-02
  126 	5.417461e+00 	4.840245e+00 	5.435221e-01 	-3.369356e-02
  127 	5.425335e+00 	4.848119e+00 	5.492692e-01 	-2.794643e-02
  128 	5.433147e+00 	4.855931e+00 	5.550496e-01 	-2.216609e-02
  129 	5.440899e+00 	4.863683e+00 	5.608635e-01 	-1.635213e-02
  130 	5.448591e+00 	4.871376e+00 	5.667115e-01 	-1.050418e-02
  131 	5.456225e+00 	4.879009e+00 	5.725938e-01 	-4.621827e-03
  132 	5.463801e+00 	4.886585e+00 	5.785110e-01 	1.295333e-03
  133 	5.471319e+00 	4.894104e+00 	5.844634e-01 	7.247714e-03
  134 	5.478782e+00 	4.901567e+00 	5.904514e-01 	1.323574e-02
  135 	5.486190e+00 	4.908974e+00 	5.964755e-01 	1.925983e-02
  136 	5.493543e+00 	4.916327e+00 	6.025361e-01 	2.532044e-02
  137 	5.500842e+00 	4.923626e+00 	6.086337e-01 	3.141800e-02
  138 	5.508088e+00 	4.930872e+00 	6.147686e-01 	3.755297e-02
  139 	5.515282e+00 	4.938067e+00 	6.209415e-01 	4.372581e-02
  140 	5.522425e+00 	4.945210e+00 	6.271527e-01 	4.993699e-02
  141 	5.529517e+00 	4.952302e+00 	6.334027e-01 	5.618699e-02
  142 	5.536560e+00 	4.959344e+00 	6.396920e-01 	6.247630e-02
  143 	5.543553e+00 	4.966337e+00 	6.460211e-01 	6.880541e-02
  144 	5.550497e+00 	4.973282e+00 	6.523905e-01 	7.517484e-02
  145 	5.557394e+00 	4.980178e+00 	6.588008e-01 	8.158510e-02
  146 	5.564243e+00 	4.987027e+00 	6.652524e-01 	8.803671e-02
  147 	5.571046e+00 	4.993830e+00 	6.717459e-01 	9.453022e-02
  148 	5.577803e+00 	5.000587e+00 	6.782818e-01 	1.010662e-01
  149 	5.584514e+00 	5.007298e+00 	6.848608e-01 	1.076451e-01
  150 	5.591181e+00 	5.013965e+00 	6.914833e-01 	1.142676e-01
  151 	5.597803e+00 	5.020587e+00 	6.981500e-01 	1.209343e-01
  152 	5.604382e+00 	5.027166e+00 	7.048614e-01 	1.276457e-01
  153 	5.610918e+00 	5.033702e+00 	7.116181e-01 	1.344025e-01
  154 	5.617412e+00 	5.040196e+00 	7.184208e-01 	1.412052e-01
  155 	5.623863e+00 	5.046647e+00 	7.252702e-01 	1.480545e-01
  156 	5.630273e+00 	5.053058e+00 	7.321667e-01 	1.549510e-01
  157 	5.636643e+00 	5.059427e+00 	7.391112e-01 	1.618955e-01
  158 	5.642972e+00 	5.065756e+00 	7.461042e-01 	1.688885e-01
  159 	5.649261e+00 	5.072046e+00 	7.531464e-01 	1.759308e-01
  160 	5.655511e+00 	5.078296e+00 	7.602386e-01 	1.830230e-01
  161 	5.661722e+00 	5.084507e+00 	7.673815e-01 	1.901658e-01
  162 	5.667895e+00 	5.090680e+00 	7.745757e-01 	1.973601e-01
  163 	5.674030e+00 	5.096815e+00 	7.818221e-01 	2.046064e-01
  164 	5.680128e+00 	5.102912e+00 	7.891214e-01 	2.119057e-01
  165 	5.686188e+00 	5.108973e+00 	7.964743e-01 	2.192586e-01
  166 	5.692212e+00 	5.114997e+00 	8.038817e-01 	2.266660e-01
  167 	5.698201e+00 	5.120985e+00 	8.113444e-01 	2.341287e-01
  168 	5.704153e+00 	5.126937e+00 	8.188632e-01 	2.416475e-01
  169 	5.710070e+00 	5.132854e+00 	8.264390e-01 	2.492233e-01
  170 	5.715952e+00 	5.138737e+00 	8.340725e-01 	2.568569e-01
  171 	5.721800e+00 	5.144585e+00 	8.417648e-01 	2.645492e-01
  172 	5.727614e+00 	5.150399e+00 	8.495168e-01 	2.723011e-01
  173 	5.733395e+00 	5.156179e+00 	8.573293e-01 	2.801136e-01
  174 	5.739142e+00 	5.161926e+00 	8.652033e-01 	2.879876e-01
  175 	5.744856e+00 	5.167640e+00 	8.731398e-01 	2.959241e-01
  176 	5.750538e+00 	5.173322e+00 	8.811398e-01 	3.039241e-01
  177 	5.756188e+00 	5.178972e+00 	8.892043e-01 	3.119887e-01
  178 	5.761806e+00 	5.184590e+00 	8.973344e-01 	3.201187e-01
  179 	5.767392e+00 	5.190177e+00 	9.055311e-01 	3.283155e-01
  180 	5.772948e+00 	5.195732e+00 	9.137956e-01 	3.365799e-01
  181 	5.778473e+00 	5.201257e+00 	9.221289e-01 	3.449133e-01
  182 	5.783967e+00 	5.206751e+00 	9.305323e-01 	3.533166e-01
  183 	5.789432e+00 	5.212216e+00 	9.390069e-01 	3.617912e-01
  184 	5.794866e+00 	5.217651e+00 	9.475539e-01 	3.703382e-01
  185 	5.800272e+00 	5.223056e+00 	9.561746e-01 	3.789589e-01
  186 	5.805648e+00 	5.228432e+00 	9.648702e-01 	3.876545e-01
  187 	5.810996e+00 	5.233780e+00 	9.736421e-01 	3.964265e-01
  188 	5.816315e+00 	5.239099e+00 	9.824917e-01 	4.052760e-01
  189 	5.821606e+00 	5.244390e+00 	9.914203e-01 	4.142046e-01
  190 	5.826869e+00 	5.249653e+00 	1.000429e+00 	4.232136e-01
  191 	5.832105e+00 	5.254889e+00 	1.009520e+00 	4.323045e-01
  192 	5.837313e+00 	5.260097e+00 	1.018695e+00 	4.414788e-01
  193 	5.842494e+00 	5.265279e+00 	1.027954e+00 	4.507381e-01
  194 	5.847649e+00 	5.270433e+00 	1.037300e+00 	4.600839e-01
  195 	5.852777e+00 	5.275561e+00 	1.046734e+00 	4.695179e-01
  196 	5.857879e+00 	5.280664e+00 	1.056257e+00 	4.790417e-01
  197 	5.862955e+00 	5.285740e+00 	1.065873e+00 	4.886570e-01
  198 	5.868006e+00 	5.290790e+00 	1.075581e+00 	4.983658e-01
  199 	5.873031e+00 	5.295815e+00 	1.085385e+00 	5.081697e-01
  200 	5.878031e+00 	5.300815e+00 	1.095286e+00 	5.180707e-01
  201 	5.883006e+00 	5.305790e+00 	1.105286e+00 	5.280707e-01
  202 	5.887957e+00 	5.310741e+00 	1.115387e+00 	5.381717e-01
  203 	5.892883e+00 	5.315667e+00 	1.125591e+00 	5.483758e-01
  204 	5.897785e+00 	5.320569e+00 	1.135901e+00 	5.586851e-01
  205 	5.902663e+00 	5.325447e+00 	1.146317e+00 	5.691017e-01
  206 	5.907517e+00 	5.330301e+00 	1.156844e+00 	5.796281e-01
  207 	5.912348e+00 	5.335132e+00 	1.167482e+00 	5.902663e-01
  208 	5.917156e+00 	5.339940e+00 	1.178235e+00 	6.010190e-01
  209 	5.921940e+00 	5.344725e+00 	1.189104e+00 	6.118886e-01
  210 	5.926702e+00 	5.349487e+00 	1.200093e+00 	6.228776e-01
  211 	5.931442e+00 	5.354226e+00 	1.211204e+00 	6.339887e-01
  212 	5.936159e+00 	5.358943e+00 	1.222440e+00 	6.452247e-01
  213 	5.940853e+00 	5.363638e+00 	1.233804e+00 	6.565883e-01
  214 	5.945526e+00 	5.368311e+00 	1.245298e+00 	6.680826e-01
  215 	5.950177e+00 	5.372962e+00 	1.256926e+00 	6.797105e-01
  216 	5.954807e+00 	5.377591e+00 	1.268691e+00 	6.914752e-01
  217 	5.959415e+00 	5.382200e+00 	1.280596e+00 	7.033799e-01
  218 	5.964003e+00 	5.386787e+00 	1.292644e+00 	7.154281e-01
  219 	5.968569e+00 	5.391353e+00 	1.304839e+00 	7.276233e-01
  220 	5.973114e+00 	5.395899e+00 	1.317185e+00 	7.399689e-01
  221 	5.977639e+00 	5.400423e+00 	1.329685e+00 	7.524689e-01
  222 	5.982144e+00 	5.404928e+00 	1.342343e+00 	7.651272e-01
  223 	5.986628e+00 	5.409412e+00 	1.355163e+00 	7.779477e-01
  224 	5.991092e+00 	5.413877e+00 	1.368150e+00 	7.909347e-01
  225 	5.995537e+00 	5.418321e+00 	1.381308e+00 	8.040926e-01
  226 	5.999961e+00 	5.422746e+00 	1.394642e+00 	8.174259e-01
  227 	6.004367e+00 	5.427151e+00 	1.408155e+00 	8.309394e-01
  228 	6.008753e+00 	5.431537e+00 	1.421854e+00 	8.446381e-01
  229 	6.013119e+00 	5.435904e+00 	1.435743e+00 	8.585270e-01
  230 	6.017467e+00 	5.440252e+00 	1.449827e+00 	8.726115e-01
  231 	6.021796e+00 	5.444581e+00 	1.464113e+00 	8.868972e-01
  232 	6.026107e+00 	5.448891e+00 	1.478606e+00 	9.013899e-01
  233 	6.030399e+00 	5.453183e+00 	1.493311e+00 	9.160958e-01
  234 	6.034672e+00 	5.457456e+00 	1.508237e+00 	9.310212e-01
  235 	6.038927e+00 	5.461712e+00 	1.523388e+00 	9.461727e-01
  236 	6.043165e+00 	5.465949e+00 	1.538773e+00 	9.615573e-01
  237 	6.047384e+00 	5.470168e+00 	1.554398e+00 	9.771823e-01
  238 	6.051586e+00 	5.474370e+00 	1.570271e+00 	9.930553e-01
  239 	6.055770e+00 	5.478554e+00 	1.586400e+00 	1.009184e+00
  240 	6.059936e+00 	5.482721e+00 	1.602793e+00 	1.025578e+00
  241 	6.064086e+00 	5.486870e+00 	1.619460e+00 	1.042244e+00
  242 	6.068218e+00 	5.491002e+00 	1.636409e+00 	1.059194e+00
  243 	6.072333e+00 	5.495118e+00 	1.653651e+00 	1.076435e+00
  244 	6.076432e+00 	5.499216e+00 	1.671195e+00 	1.093979e+00
  245 	6.080513e+00 	5.503298e+00 	1.689052e+00 	1.111836e+00
  246 	6.084578e+00 	5.507363e+00 	1.707233e+00 	1.130018e+00
  247 	6.088627e+00 	5.511411e+00 	1.725752e+00 	1.148536e+00
  248 	6.092659e+00 	5.515444e+00 	1.744620e+00 	1.167404e+00
  249 	6.096675e+00 	5.519460e+00 	1.763851e+00 	1.186635e+00
  250 	6.100675e+00 	5.523460e+00 	1.783459e+00 	1.206243e+00
  251 	6.104659e+00 	5.527444e+00 	1.803459e+00 	1.226243e+00
  252 	6.108628e+00 	5.531412e+00 	1.823867e+00 	1.246651e+00
  253 	6.112580e+00 	5.535364e+00 	1.844700e+00 	1.267484e+00
  254 	6.116517e+00 	5.539301e+00 	1.865977e+00 	1.288761e+00
  255 	6.120439e+00 	5.543223e+00 	1.887716e+00 	1.310500e+00
  256 	6.124345e+00 	5.547129e+00 	1.909938e+00 	1.332722e+00
  257 	6.128236e+00 	5.551020e+00 	1.932665e+00 	1.355450e+00
  258 	6.132112e+00 	5.554896e+00 	1.955921e+00 	1.378705e+00
  259 	6.135973e+00 	5.558757e+00 	1.979731e+00 	1.402515e+00
  260 	6.139819e+00 	5.562603e+00 	2.004121e+00 	1.426905e+00
  261 	6.143651e+00 	5.566435e+00 	2.029121e+00 	1.451905e+00
  262 	6.147467e+00 	5.570252e+00 	2.054762e+00 	1.477546e+00
  263 	6.151270e+00 	5.574054e+00 	2.081078e+00 	1.503862e+00
  264 	6.155058e+00 	5.577842e+00 	2.108105e+00 	1.530889e+00
  265 	6.158831e+00 	5.581615e+00 	2.135882e+00 	1.558667e+00
  266 	6.162590e+00 	5.585375e+00 	2.164454e+00 	1.587238e+00
  267 	6.166336e+00 	5.589120e+00 	2.193866e+00 	1.616650e+00
  268 	6.170067e+00 	5.592851e+00 	2.224169e+00 	1.646953e+00
  269 	6.173785e+00 	5.596569e+00 	2.255419e+00 	1.678203e+00
  270 	6.177488e+00 	5.600273e+00 	2.287677e+00 	1.710461e+00
  271 	6.181178e+00 	5.603963e+00 	2.321010e+00 	1.743794e+00
  272 	6.184855e+00 	5.607639e+00 	2.355493e+00 	1.778277e+00
  273 	6.188518e+00 	5.611302e+00 	2.391207e+00 	1.813991e+00
  274 	6.192167e+00 	5.614952e+00 	2.428244e+00 	1.851028e+00
  275 	6.195804e+00 	5.618588e+00 	2.466706e+00 	1.889490e+00
  276 	6.199427e+00 	5.622211e+00 	2.506706e+00 	1.929490e+00
  277 	6.203037e+00 	5.625821e+00 	2.548372e+00 	1.971157e+00
  278 	6.206634e+00 	5.629419e+00 	2.591851e+00 	2.014635e+00
  279 	6.210218e+00 	5.633003e+00 	2.637305e+00 	2.060090e+00
  280 	6.213790e+00 	5.636574e+00 	2.684924e+00 	2.107709e+00
  281 	6.217349e+00 	5.640133e+00 	2.734924e+00 	2.157709e+00
  282 	6.220895e+00 	5.643679e+00 	2.787556e+00 	2.210340e+00
  283 	6.224428e+00 	5.647213e+00 	2.843111e+00 	2.265896e+00
  284 	6.227949e+00 	5.650734e+00 	2.901935e+00 	2.324719e+00
  285 	6.231458e+00 	5.654243e+00 	2.964435e+00 	2.387219e+00
  286 	6.234955e+00 	5.657739e+00 	3.031102e+00 	2.453886e+00
  287 	6.238439e+00 	5.661223e+00 	3.102530e+00 	2.525314e+00
  288 	6.241911e+00 	5.664696e+00 	3.179453e+00 	2.602238e+00
  289 	6.245371e+00 	5.668156e+00 	3.262787e+00 	2.685571e+00
  290 	6.248820e+00 	5.671604e+00 	3.353696e+00 	2.776480e+00
  291 	6.252256e+00 	5.675040e+00 	3.453696e+00 	2.876480e+00
  292 	6.255681e+00 	5.678465e+00 	3.564807e+00 	2.987591e+00
  293 	6.259094e+00 	5.681878e+00 	3.689807e+00 	3.112591e+00
  294 	6.262495e+00 	5.685279e+00 	3.832664e+00 	3.255448e+00
  295 	6.265885e+00 	5.688669e+00 	3.999331e+00 	3.422115e+00
  296 	6.269263e+00 	5.692048e+00 	4.199331e+00 	3.622115e+00
  297 	6.272630e+00 	5.695415e+00 	4.449331e+00 	3.872115e+00
  298 	6.275986e+00 	5.698770e+00 	4.782664e+00 	4.205448e+00
  299 	6.279331e+00 	5.702115e+00 	5.282664e+00 	4.705448e+00
  300 	6.282664e+00 	5.705448e+00 	6.282664e+00 	5.705448e+00
